x
-1 1
1 -1.399560133032936 -0.02739480752014334
2 2.499037015814378 2.985476408581307
3 0.3648325358851675 0.8090185676392573
4 0.1193633952254642 0.1986834230999402
5 0.1014908459931301 0.6892138939670932
6 0.01089227096389138 0.04085650996800394
7 0.01212316275077781 0.02882141019042718
8 0.002551743691522541 0.03549920760697306
9 0.002835270768358378 0.02625783499915297
10 0.002104685212298682 0.01896207584830339
11 0.003611846857693234 0.01866181156121985
12 0.002262443438914027 0.01939719486720382
13 0.01645338208409506 0.05143377332726445
14 0.01645338208409506 0.05143377332726445
15 0.001372448104306056 0.01544898616028323
16 0 0.01523441690805707
17 0.003284706791614337 0.01536312849162011
18 0.01645338208409506 0.05143377332726445
19 0 0.01530272787757818
20 0.01645338208409506 0.05143377332726445
21 0.001843997787202655 0.01354809573987656
22 0.002551743691522541 0.03549920760697306
23 0 0.01307677937605081
24 0 0.01165661785816825
25 0.00518947622495776 0.02354808837147771
26 0 0.02471066624960901
27 0 0.005873925501432665
28 0.003284706791614337 0.01536312849162011
29 0.0005670541536716756 0.007832898172323759
30 0.001330671989354624 0.01973051010587103
31 0.002359285473542299 0.01023017902813299
32 0.00244140625 0.02406159769008662
33 0.0005564210994880925 0.01096892138939671
34 0.001203852327447833 0.01401083504576873
35 0.0006247657128576784 0.02274795268425842
36 0.0006247657128576784 0.02274795268425842
37 0 0.03792415169660679
38 0.001203852327447833 0.01401083504576873
39 0 0.03268164575430406
40 0.000873689465801298 0.007312614259597806
41 0.00518947622495776 0.02354808837147771
42 0 0.02471066624960901
43 0 0.008260916210707006
44 0.00244140625 0.02406159769008662
45 0 0.006522829904666332
46 0.001497753369945082 0.01094802694898941
47 0.0008423022929340197 0.007316729984522302
48 0 0.00336237200061134
49 0.0002656512884087488 0.003706076134699854
50 0 0.003474049899989473
51 0.0001771008589391659 0.007306590257879656
52 0 0.03792415169660679
53 0.002359285473542299 0.01023017902813299
54 0.0003399048266485384 0.008041268396297981
55 0 0.01021301429822002
56 0.01645338208409506 0.05143377332726445
57 0 0.004414125200642055
58 0.00244140625 0.02406159769008662
59 0.00244140625 0.02406159769008662
60 0.00518947622495776 0.02354808837147771
61 0 0.006255864873318737
62 0 0.03792415169660679
63 0 0.003970588235294117
64 0 0.005422647527910686
65 0.002551743691522541 0.03549920760697306
66 0.01645338208409506 0.05143377332726445
67 0 0.003668042182485098
68 0 0.013256288239293
69 0 0.004414125200642055
70 0.01645338208409506 0.05143377332726445
71 0 0.03268164575430406
72 0 0.003919141914191419
73 0.001828153564899452 0.007053374039372565
74 0 0.01786824114356743
75 0 0.004439221830526178
76 0 0.00341796875
77 0.00518947622495776 0.02354808837147771
78 0 0.01786824114356743
79 0 0.004549590536851683
80 0.00244140625 0.02406159769008662
81 0 0.007651363938789089
82 0 0.003025500648321567
83 0.00244140625 0.02406159769008662
84 0 0.03268164575430406
85 0 0.02471066624960901
86 0 0.003561095036723793
87 0 0.005082161612739285
88 0 0.003919141914191419
89 0 0.004183863854808617
90 0.001330671989354624 0.01973051010587103
91 0 0.004392386530014641
92 0 0.006092254134029591
93 0 0.00439453125
94 0 0.002232854864433812
95 0 0.007507347993909133
96 0 0.013256288239293
97 0 0.001918158567774936
98 0 0.006369426751592357
99 0 0.00733652312599681
100 0.0008025682182985554 0.01289637384311941
101 0.01645338208409506 0.05143377332726445
102 0 0.003220917014020462
103 0.00244140625 0.02406159769008662
104 0 0.02471066624960901
105 0 0.01786824114356743
106 0 0.002826935037032849
107 0 0.001560332871012483
108 0 0.003923033812815244
109 0 0.007651363938789089
110 0 0.01786824114356743
111 0.01645338208409506 0.05143377332726445
112 0.001497753369945082 0.01094802694898941
113 0 0.006092254134029591
114 0 0.003438395415472779
115 0 0.003973712364358857
116 0 0.002922422954303932
117 0.0008423022929340197 0.007316729984522302
118 0.001843997787202655 0.01354809573987656
119 0 0.002426448286320898
120 0 0.006737551321191705
121 0 0.003310062590274434
122 0 0.013256288239293
123 0.001828153564899452 0.007053374039372565
124 0.01645338208409506 0.05143377332726445
125 0 0.003570109565431491
126 0 0.002992383025027203
127 0 0.001913875598086124
128 0.0004551661356395084 0.007940327237728586
129 0.0008998200359928015 0.004680998613037448
130 0.0005836008170411438 0.004584527220630372
131 0 0.003745724987785679
132 0 0.03268164575430406
133 0 0.002610966057441253
134 0.0004551661356395084 0.007940327237728586
135 0 0.00645819170632223
136 0 0.013256288239293
137 0 0.004424103737604882
138 0 0.006737551321191705
139 0.00518947622495776 0.02354808837147771
140 0.00518947622495776 0.02354808837147771
141 0 0.001828153564899452
142 0 0.002832058906825262
143 0 0.01530272787757818
144 0 0.003258845437616387
145 0.00244140625 0.02406159769008662
146 0 0.006737551321191705
147 0 0.003010797342192691
148 0 0.002053990610328639
149 0 0.02471066624960901
150 0.00518947622495776 0.02354808837147771
151 0.00518947622495776 0.02354808837147771
152 0 0.003491620111731843
153 0.01212316275077781 0.02882141019042718
154 0.00226928895612708 0.0110041265474553
155 0 0.003836317135549872
156 0 0.003175789277040912
157 0 0.002426448286320898
158 0.001828153564899452 0.007053374039372565
159 0 0.002287631538813482
160 0 0.004749250862215186
161 0 0.003310062590274434
162 0 0.004957682637487163
163 0 0.008079552517091361
164 0 0.01360049833887043
165 0 0.01138021593230231
166 0 0.01044932079414838
167 0.00244140625 0.02406159769008662
168 0 0.01786824114356743
169 0 0.004410018657771245
170 0 0.01786824114356743
171 0 0.006255864873318737
172 0 0.002379333786539769
173 0 0.02471066624960901
174 0 0.004823685961410512
175 0 0.01786824114356743
176 0 0.004493260109835247
177 0.0008998200359928015 0.004680998613037448
178 0 0.002652519893899204
179 0 0.002063983488132095
180 0 0.02471066624960901
181 0.0009099181073703367 0.006828113619810634
182 0 0.008079552517091361
183 0.001497753369945082 0.01094802694898941
184 0 0.003570109565431491
185 0 0.01408620274500361
186 0.0002513826043237808 0.005121042830540037
187 0.01645338208409506 0.05143377332726445
188 0.0008025682182985554 0.01289637384311941
189 0 0.03268164575430406
190 0.01645338208409506 0.05143377332726445
191 0 0.001330671989354624
193 0 0.01044932079414838
194 0 0.005895634721525339
195 0.00518947622495776 0.02354808837147771
196 0 0.002292263610315186
197 0 0.002793296089385475
198 0.001828153564899452 0.007053374039372565
199 0 0.003719098665499891
200 0 0.008079552517091361
201 0 0.013256288239293
202 0 0.003973712364358857
203 0 0.008675623800383878
204 0 0.005321610365571495
205 0.0004551661356395084 0.007940327237728586
206 0 0.01605432150752711
207 0.0004551661356395084 0.007940327237728586
208 0 0.02471066624960901
209 0 0.002610966057441253
210 0 0.008079552517091361
211 0.0002999400119976005 0.004597701149425287
212 0 0.003611556982343499
213 0 0.00522466039707419
214 0.0008025682182985554 0.01289637384311941
216 0.0008998200359928015 0.004680998613037448
217 0 0.002698062300711307
218 0 0.003491620111731843
219 0 0.002889477486154587
220 0.00226928895612708 0.0110041265474553
221 0 0.003328050713153724
222 0 0.009667194928684628
223 0 0.002428712782225421
224 0 0.001708984375
225 0 0.002655901412939551
226 0 0.002039939875456302
227 0 0.009667194928684628
228 0 0.002535657686212361
229 0 0.003611556982343499
230 0 0.003010797342192691
231 0 0.007738392411382925
232 0 0.01605432150752711
233 0 0.01605432150752711
234 0 0.003609239653512993
235 0.001828153564899452 0.007053374039372565
236 0 0.009667194928684628
237 0.002551743691522541 0.03549920760697306
238 0 0.007548464573683308
239 0 0.01605432150752711
240 0.0002513826043237808 0.005121042830540037
241 0 0.01107570930056137
242 0.00518947622495776 0.02354808837147771
243 0 0.007152361942781104
244 0 0.007738392411382925
245 0 0.01408620274500361
246 0 0.005420972386921904
247 0 0.002334403268164575
248 0 0.002232854864433812
249 0 0.003541201883919402
250 0 0.01786824114356743
251 0 0.01138021593230231
252 0.0009099181073703367 0.006828113619810634
253 0 0.007507347993909133
254 0 0.0100090991810737
255 0.0008423022929340197 0.007316729984522302
256 0 0.001287415513356936
257 0 0.005669949268874963
258 0 0.002644942869234025
259 0 0.003957169459962756
260 0 0.002548853016142736
261 0 0.004460456338994682
262 0 0.00213512276955925
263 0 0.001417635384179189
264 0.002551743691522541 0.03549920760697306
265 0 0.001685203909673071
266 0 0.004410018657771245
267 0 0.001146131805157593
268 0.001497753369945082 0.01094802694898941
269 0 0.004279382546232615
270 0 0.007295010213014298
271 0 0.002207505518763797
272 0 0.02471066624960901
273 0 0.009762900976290097
274 0 0.001709136109384711
275 0 0.003310062590274434
276 0.0002327746741154562 0.004638671875
277 0 0.004418762746430999
278 0.002262443438914027 0.01939719486720382
279 0 0.001127960897355558
280 0 0.005784359093012495
281 0 0.00931098696461825
282 0.0002513826043237808 0.005121042830540037
283 0 0.009667194928684628
284 0 0.01044932079414838
285 0 0.001222318090307737
286 0 0.03268164575430406
287 0 0.00168118600030567
288 0 0.005590377774013213
289 0 0.005784359093012495
290 0 0.001962227127790042
291 0 0.002467546400600794
292 0.0008025682182985554 0.01289637384311941
293 0 0.001828153564899452
294 0 0.003310062590274434
295 0 0.001372448104306056
296 0 0.003611556982343499
297 0 0.007548464573683308
298 0 0.007407407407407408
299 0 0.01786824114356743
300 0 0.008675623800383878
301 0 0.002680965147453083
302 0 0.002789400278940028
303 0 0.007523510971786834
304 0 0.001828153564899452
305 0 0.0023666484616785
306 0 0.01044932079414838
307 0 0.003738953093133923
308 0 0.004070786453327303
309 0 0.005321610365571495
310 0 0.00639386189258312
311 0 0.01513671875
312 0 0.006369426751592357
313 0.0005836008170411438 0.004584527220630372
314 0 0.002996352266805628
315 0 0.001828153564899452
316 0 0.001204275176877917
317 0.0009099181073703367 0.006828113619810634
318 0 0.003656307129798903
319 0 0.006606810096561071
320 0 0.01138021593230231
321 0 0.007152361942781104
322 0 0.003719098665499891
323 0 0.004823685961410512
324 0 0.00146484375
325 0 0.002680965147453083
326 0 0.007407407407407408
327 0 0.005754475703324808
328 0 0.01044932079414838
329 0 0.002327746741154563
330 0 0.003973712364358857
331 0 0.007152361942781104
332 0 0.01138021593230231
333 0 0.003127932436659368
334 0 0.001278772378516624
335 0 0.00522466039707419
336 0.0002327746741154562 0.004638671875
337 0 0.002996352266805628
338 0 0.003127932436659368
339 0 0.003261414952333166
340 0 0.003481288076588338
341 0 0.01408620274500361
342 0 0.0005531993361607966
343 0 0.006606810096561071
344 0 0.009667194928684628
345 0 0.01170323928944619
346 0 0.003123553910226747
347 0 0.009078212290502794
348 0 0.004279382546232615
349 0 0.001278772378516624
350 0 0.001251172974663747
351 0 0.00931098696461825
352 0 0.003261414952333166
353 0 0.0100090991810737
354 0 0.005420972386921904
355 0.0005836008170411438 0.004584527220630372
356 0 0.003656307129798903
357 0 0.008675623800383878
358 0 0.003009872381411028
359 0 0.0100090991810737
360 0 0.01696469509399358
361 0 0.003719098665499891
362 0 0.003055596959308392
363 0 0.002996352266805628
364 0 0.00522466039707419
365 0 0.002379333786539769
366 0 0.013256288239293
367 0.001828153564899452 0.007053374039372565
368 0 0.004738088970781784
369 0 0.005590377774013213
370 0 0.002826935037032849
371 0 0.001497753369945082
372 0 0.002719238613188307
373 0 0.002605523710265764
374 0 0.001907073509015257
375 0 0.002941176470588235
376 0 0.003310062590274434
377 0 0.002407704654895666
378 0 0.01605432150752711
379 0 0.002610966057441253
380 0 0.003973712364358857
381 0 0.005422647527910686
382 0 0.007152361942781104
383 0.0002513826043237808 0.005121042830540037
384 0 0.01786824114356743
385 0 0.002610966057441253
386 0 0.005737446046952311
387 0 0.006948591281689376
388 0 0.003572942530127778
389 0.0002999400119976005 0.004597701149425287
391 0 0.005536237188872621
392 0 0.01138021593230231
393 0 0.01138021593230231
394 0.00518947622495776 0.02354808837147771
395 0 0.001192428081681324
396 0.0002327746741154562 0.004638671875
397 0 0.007656967840735069
398 0 0.003438395415472779
399 0 0.005229793977812995
400 0.002104685212298682 0.01896207584830339
401 0 0.002910437888609604
402 0 0.002875904711690553
403 0.001497753369945082 0.01094802694898941
404 0 0.005669949268874963
405 0.0005836008170411438 0.004584527220630372
406 0 0.01298052920619071
407 0 0.002287503009872381
408 0 0.002232854864433812
409 0 0.01605432150752711
410 0 0.0039875173370319
411 0 0.00341796875
412 0 0.008079552517091361
413 0 0.004493260109835247
414 0 0.008951600667576999
415 0 0.003656307129798903
416 0 0.01360049833887043
417 0.0008025682182985554 0.01289637384311941
418 0 0.001699524133242692
419 0 0.001918158567774936
420 0.001330671989354624 0.01973051010587103
421 0 0.00931098696461825
422 0 0.002928257686676428
423 0 0.001828153564899452
424 0.00226928895612708 0.0110041265474553
425 0.001828153564899452 0.007053374039372565
426 0 0.01605432150752711
427 0 0.002796768178993163
428 0 0.003011384502387073
429 0 0.003009872381411028
430 0 0.007057163020465773
431 0 0.001553760099440646
432 0 0.002292263610315186
433 0.00518947622495776 0.02354808837147771
434 0 0.002334403268164575
435 0.0002999400119976005 0.004597701149425287
436 0 0.01044932079414838
437 0 0.004738088970781784
438 0 0.0007526719855486979
439 0 0.005630278385986863
440 0 0.005948604060913705
441 0 0.006621719239104262
442 0 0.00639386189258312
443 0 0.001278772378516624
444 0 0.002219610915263089
445 0 0.001097772584015015
446 0 0.001404776239213325
447 0 0.007295010213014298
448 0 0.003261414952333166
449 0 0.002301201738685758
450 0 0.001966682091624248
451 0 0.005784359093012495
452 0 0.002458120903131828
453 0 0.008079552517091361
454 0 0.005117324013979032
455 0 0.005737446046952311
456 0 0.002507836990595611
457 0 0.001404776239213325
458 0.00518947622495776 0.02354808837147771
459 0 0.001199760047990402
460 0 0.001828153564899452
461 0.0008025682182985554 0.01289637384311941
462 0 0.01170323928944619
463 0 0.003107520198881293
464 0 0.005754475703324808
465 0 0.004078857919782461
466 0 0.002770396336292192
467 0 0.005420972386921904
468 0.0002327746741154562 0.004638671875
469 0 0.004169732646553839
470 0 0.001372997711670481
471 0 0.006606810096561071
472 0 0.005590377774013213
473 0.01645338208409506 0.05143377332726445
474 0 0.001531393568147014
475 0 0.005669949268874963
476 0 0.001750164077882302
477 0 0.02471066624960901
478 0 0.002996352266805628
479 0 0.007548464573683308
480 0 0.001289398280802292
481 0 0.01605432150752711
482 0 0.004070786453327303
483 0 0.003310062590274434
484 0 0.003973712364358857
485 0 0.007407407407407408
486 0 0.001242621932277105
487 0 0.007152361942781104
488 0 0.004738088970781784
489 0 0.002475081945280621
490 0 0.001828153564899452
491 0 0.003656307129798903
492 0 0.003753518923991242
493 0 0.008951600667576999
494 0.0008998200359928015 0.004680998613037448
495 0 0.001499437710858428
496 0 0.002645852626008731
497 0 0.001226391954868776
498 0 0.004078857919782461
499 0 0.001558005752636625
500 0 0.004422718808193668
501 0 0.003611556982343499
502 0 0.002643270907148079
503 0.00244140625 0.02406159769008662
504 0 0.00931098696461825
505 0 0.007548464573683308
506 0.01895155127617301 0.1161434208269
507 0.006277064153415087 0.01615950168487695
508 1.059602649006623 4.04
509 0.08574631048010461 0.304169701383831
510 0.04157810839532412 0.1750802451123432
511 0.0068359375 0.04788783685360525
512 0.04726321688772651 0.118353969410051
513 0.04997741984043354 0.1163833364468522
514 0.06916019760056458 0.1318528054929728
515 0.04564183835182251 0.09567039106145252
516 0.04330583756345178 0.1614322561068123
517 0 0.02540058266569556
518 0.08766233766233766 0.2598425196850394
519 0 0.165
520 0.08695652173913043 0.3320802005012531
521 10.98690671031096 37.23421588594704
522 0 0.01425661914460285
